ones(4)

ans =

     1     1     1     1
     1     1     1     1
     1     1     1     1
     1     1     1     1

diary off
